Num. of prepack: 240, Num. of products: 240 
Fast Product: 100, Moderate Product: 80, Slow Product: 60 
===================================== 
chosen_id: [  0   2   4   7   9  10  13  14  17  18  21  25  33  35  36  38  39  41
  43  44  46  48  49  50  51  52  53  55  57  60  61  62  67  69  70  75
  79  82  83  84  88  90  91  93  96  98  99 103 104 107 108 109 113 114
 115 116 117 118 119 120 124 129 133 134 140 141 142 144 145 148 150 152
 155 157 158 160 162 165 166 170 171 172 174 175 176 179 180 181 182 183
 186 187 188 190 191 192 196 197 198 199 200 201 205 206 208 209 215 221
 224 225 228 229 232 235 239 248 249 250 251 253 254 255 262 265 267 270
 271 273 276 279 283 284 285 286 287 288 290 292 293 300 305 309 311 315
 317 320 323 329 330 331 335 336 338 341 342 344 345 349 350 352 353 355
 357 358 360 362 367 368 371 372 376 377 381 382 386 388 389 390 397 398
 400 413 414 415 416 417 423 430 431 435 437 441 445 446 447 448 451 455
 457 458 460 461 463 470 472 474 475 477 485 486 489 493 495 500 502 506
 516 517 518 520 521 523 524 528 535 536 539 542 547 551 557 565 569 571
 577 578 580 581 589 593] 