Num. of prepack: 180, Num. of products: 180 
Fast Product: 80, Moderate Product: 60, Slow Product: 40 
===================================== 
chosen_id: [  2   4   7   9  13  14  18  21  33  35  39  41  46  48  49  52  53  55
  57  60  61  62  67  69  70  75  79  82  83  84  88  90  91  93  96  98
  99 107 109 115 116 118 120 124 133 140 141 142 144 148 150 152 155 157
 158 160 162 165 166 170 171 172 174 175 176 179 180 181 182 183 186 187
 188 190 191 192 196 197 198 199 201 205 206 208 215 221 232 235 239 248
 249 250 251 253 254 255 265 267 270 271 273 276 279 283 284 287 288 290
 293 300 305 311 315 317 320 323 329 331 335 336 338 341 342 349 352 355
 358 360 362 367 368 371 372 377 381 386 389 390 397 398 400 415 416 417
 430 431 435 437 441 446 448 451 457 463 470 474 475 477 485 486 489 495
 500 502 516 517 518 524 528 535 539 542 547 557 565 569 571 577 578 589] 