Num. of prepack: 180, Num. of products: 120 
Fast Product: 40, Moderate Product: 40, Slow Product: 40 
Fast - Fast: 20, Fast - Moderate: 20, Fast - Slow: 20 
===================================== 
chosen_id: [  7   9  13  14  18  33  39  52  55  61  70  82  90  93  96 116 118 120
 124 133 141 152 157 165 166 170 171 172 175 176 182 183 187 190 191 192
 196 197 198 199 205 206 215 221 232 235 239 248 249 250 254 255 265 267
 270 271 273 276 288 290 300 317 320 323 329 338 341 342 349 352 358 360
 362 371 372 377 381 389 397 398 400 415 416 417 430 431 435 437 441 446
 448 451 457 463 470 474 475 477 485 486 489 495 500 502 516 517 518 524
 528 535 539 542 547 557 565 569 571 577 578 589] 
multi prepack: [[ 39 191]
 [ 39 157]
 [ 13 170]
 [  9 152]
 [ 82 141]
 [  7 120]
 [ 82 118]
 [124 192]
 [  7  18]
 [ 14 124]
 [ 13 175]
 [141 170]
 [172 187]
 [182 199]
 [ 14  61]
 [182 196]
 [116 198]
 [ 18 133]
 [  7 191]
 [ 96 182]
 [157 265]
 [ 82 329]
 [176 381]
 [152 239]
 [ 90 267]
 [198 232]
 [  9 320]
 [187 248]
 [183 276]
 [172 255]
 [ 33 358]
 [124 206]
 [196 300]
 [166 377]
 [ 13 254]
 [ 39 360]
 [ 61 271]
 [182 342]
 [197 338]
 [118 235]
 [171 577]
 [170 518]
 [182 431]
 [ 52 528]
 [ 55 441]
 [ 70 470]
 [197 547]
 [141 486]
 [ 18 516]
 [ 96 437]
 [ 13 517]
 [ 90 485]
 [166 524]
 [133 463]
 [124 589]
 [116 448]
 [165 415]
 [ 93 446]
 [176 557]
 [ 82 542]]