Num. of prepack: 360, Num. of products: 240 
Fast Product: 100, Moderate Product: 80, Slow Product: 60 
Fast - Fast: 50, Fast - Moderate: 40, Fast - Slow: 30 
===================================== 
chosen_id: [  0   2   4   7   9  10  13  14  17  18  21  25  33  35  36  38  39  41
  43  44  46  48  49  50  51  52  53  55  57  60  61  62  67  69  70  75
  79  82  83  84  88  90  91  93  96  98  99 103 104 107 108 109 113 114
 115 116 117 118 119 120 124 129 133 134 140 141 142 144 145 148 150 152
 155 157 158 160 162 165 166 170 171 172 174 175 176 179 180 181 182 183
 186 187 188 190 191 192 196 197 198 199 200 201 205 206 208 209 215 221
 224 225 228 229 232 235 239 248 249 250 251 253 254 255 262 265 267 270
 271 273 276 279 283 284 285 286 287 288 290 292 293 300 305 309 311 315
 317 320 323 329 330 331 335 336 338 341 342 344 345 349 350 352 353 355
 357 358 360 362 367 368 371 372 376 377 381 382 386 388 389 390 397 398
 400 413 414 415 416 417 423 430 431 435 437 441 445 446 447 448 451 455
 457 458 460 461 463 470 472 474 475 477 485 486 489 493 495 500 502 506
 516 517 518 520 521 523 524 528 535 536 539 542 547 551 557 565 569 571
 577 578 580 581 589 593] 
multi prepack: [[ 69 188]
 [158 183]
 [ 46 197]
 [ 38  99]
 [114 145]
 [120 155]
 [ 17  69]
 [ 53 133]
 [ 91 118]
 [ 35  69]
 [ 46 180]
 [ 75 186]
 [ 36  38]
 [176 188]
 [ 52  83]
 [  2  48]
 [175 181]
 [ 17  61]
 [116 181]
 [ 43  49]
 [ 10 158]
 [ 60 134]
 [ 83  91]
 [ 18 145]
 [  2 115]
 [  2  17]
 [ 38 192]
 [ 35 158]
 [ 53  67]
 [ 53 148]
 [ 52  79]
 [  0 155]
 [ 62 148]
 [ 70 175]
 [141 150]
 [117 197]
 [155 157]
 [ 49  83]
 [ 38  50]
 [ 52 165]
 [ 75 145]
 [  2 140]
 [ 35  70]
 [ 35  75]
 [133 171]
 [ 49 190]
 [ 13 109]
 [ 67 115]
 [ 53 150]
 [ 84  93]
 [ 75 388]
 [ 93 344]
 [142 200]
 [158 284]
 [  7 273]
 [ 38 320]
 [197 311]
 [182 371]
 [  0 317]
 [176 372]
 [ 17 250]
 [174 249]
 [157 239]
 [104 288]
 [ 62 355]
 [ 51 224]
 [160 225]
 [ 46 285]
 [124 367]
 [187 293]
 [108 398]
 [140 382]
 [145 336]
 [188 267]
 [103 377]
 [116 353]
 [ 61 206]
 [190 283]
 [170 330]
 [107 309]
 [134 290]
 [ 79 331]
 [  4 292]
 [175 232]
 [ 33 362]
 [ 69 389]
 [ 82 376]
 [119 352]
 [ 52 338]
 [ 99 279]
 [188 523]
 [183 457]
 [118 477]
 [179 506]
 [ 53 417]
 [115 413]
 [  4 502]
 [197 524]
 [113 547]
 [180 580]
 [ 91 539]
 [ 88 455]
 [ 90 446]
 [114 520]
 [ 75 458]
 [116 447]
 [ 25 470]
 [174 472]
 [150 571]
 [ 50 460]
 [ 69 423]
 [109 578]
 [172 500]
 [107 416]
 [ 17 485]
 [176 437]
 [ 14 517]
 [ 52 521]
 [142 493]
 [  2 528]]