Num. of prepack: 270, Num. of products: 180 
Fast Product: 60, Moderate Product: 60, Slow Product: 60 
Fast - Fast: 30, Fast - Moderate: 0, Fast - Slow: 0 
===================================== 
chosen_id: [  4   7   9  13  14  18  33  39  41  46  48  49  52  55  61  62  69  70
  75  79  82  88  90  93  96  98  99 107 109 116 118 120 124 133 141 148
 152 155 157 160 165 166 170 171 172 174 175 176 180 181 182 183 187 190
 191 192 196 197 198 199 201 205 206 208 215 221 232 235 239 248 249 250
 251 253 254 255 265 267 270 271 273 276 279 283 284 287 288 290 293 300
 305 311 315 317 320 323 329 331 335 336 338 341 342 349 352 355 358 360
 362 367 368 371 372 377 381 386 389 390 397 398 400 413 414 415 416 417
 423 430 431 435 437 441 445 446 447 448 451 455 457 458 460 461 463 470
 472 474 475 477 485 486 489 493 495 500 502 506 516 517 518 520 521 523
 524 528 535 536 539 542 547 551 557 565 569 571 577 578 580 581 589 593] 
multi prepack: [[ 82 107]
 [ 69  98]
 [ 41 155]
 [  4 182]
 [ 14 199]
 [148 152]
 [ 75  82]
 [ 48 175]
 [ 39  82]
 [ 55  82]
 [ 69 107]
 [ 14 190]
 [ 69  82]
 [ 14  90]
 [182 187]
 [ 82 176]
 [ 55 192]
 [  4  93]
 [152 180]
 [109 148]
 [ 69 187]
 [ 39 107]
 [ 49  96]
 [157 175]
 [  9 109]
 [ 48  79]
 [ 18 182]
 [ 55  62]
 [107 166]
 [ 48 191]]