Num. of prepack: 360, Num. of products: 240 
Fast Product: 80, Moderate Product: 80, Slow Product: 80 
Fast - Fast: 40, Fast - Moderate: 40, Fast - Slow: 40 
===================================== 
chosen_id: [  2   4   7   9  13  14  18  21  33  35  39  41  46  48  49  52  53  55
  57  60  61  62  67  69  70  75  79  82  83  84  88  90  91  93  96  98
  99 107 109 115 116 118 120 124 133 140 141 142 144 148 150 152 155 157
 158 160 162 165 166 170 171 172 174 175 176 179 180 181 182 183 186 187
 188 190 191 192 196 197 198 199 200 201 205 206 208 209 215 221 224 225
 228 229 232 235 239 248 249 250 251 253 254 255 262 265 267 270 271 273
 276 279 283 284 285 286 287 288 290 292 293 300 305 309 311 315 317 320
 323 329 330 331 335 336 338 341 342 344 345 349 350 352 353 355 357 358
 360 362 367 368 371 372 376 377 381 382 386 388 389 390 397 398 400 413
 414 415 416 417 420 421 422 423 428 430 431 435 437 440 441 443 445 446
 447 448 451 454 455 457 458 460 461 462 463 466 470 472 474 475 477 482
 485 486 489 493 495 500 502 506 516 517 518 519 520 521 523 524 526 527
 528 534 535 536 539 542 543 547 548 551 557 564 565 569 571 577 578 580
 581 584 585 589 593 594] 
multi prepack: [[  2 175]
 [ 13  82]
 [160 182]
 [ 18 141]
 [ 33  99]
 [120 171]
 [ 35 170]
 [107 192]
 [ 21  46]
 [  4 174]
 [ 79 155]
 [ 53 187]
 [ 18  49]
 [ 67 118]
 [157 170]
 [ 69  70]
 [120 190]
 [ 84 165]
 [  7 182]
 [ 90 182]
 [140 171]
 [ 69 196]
 [ 39 174]
 [ 13  55]
 [148 180]
 [  7 175]
 [162 183]
 [ 96 142]
 [ 48  83]
 [ 91 191]
 [118 171]
 [174 191]
 [ 83 148]
 [ 39  69]
 [ 39 109]
 [ 48 157]
 [ 18  60]
 [115 176]
 [ 49 141]
 [ 57 142]
 [155 215]
 [ 88 300]
 [171 235]
 [150 358]
 [ 35 290]
 [142 368]
 [ 96 320]
 [ 91 201]
 [186 338]
 [133 232]
 [198 353]
 [199 315]
 [170 360]
 [ 41 288]
 [ 75 390]
 [157 350]
 [ 57 284]
 [166 342]
 [148 309]
 [  9 273]
 [188 253]
 [ 13 367]
 [ 83 372]
 [118 206]
 [ 18 292]
 [ 61 209]
 [141 317]
 [ 53 248]
 [ 33 287]
 [191 276]
 [ 98 335]
 [ 67 382]
 [ 60 262]
 [158 355]
 [ 69 389]
 [ 79 349]
 [197 283]
 [175 323]
 [124 285]
 [  4 344]
 [198 524]
 [175 495]
 [ 83 539]
 [ 55 577]
 [170 445]
 [176 460]
 [  9 415]
 [  4 423]
 [199 482]
 [ 75 448]
 [116 569]
 [118 557]
 [190 518]
 [ 88 571]
 [157 451]
 [160 536]
 [188 527]
 [ 98 416]
 [  7 526]
 [140 421]
 [191 523]
 [197 458]
 [171 414]
 [ 79 502]
 [ 53 543]
 [ 84 446]
 [109 521]
 [ 60 475]
 [ 18 413]
 [172 485]
 [ 67 461]
 [ 49 477]
 [ 62 441]
 [ 69 589]
 [142 581]
 [ 52 535]
 [107 430]
 [ 41 474]
 [150 516]
 [ 48 463]]