Num. of prepack: 180, Num. of products: 120 
Fast Product: 60, Moderate Product: 40, Slow Product: 20 
Fast - Fast: 30, Fast - Moderate: 20, Fast - Slow: 10 
===================================== 
chosen_id: [  4   7   9  13  14  18  33  39  41  46  48  49  52  55  61  62  69  70
  75  79  82  88  90  93  96  98  99 107 109 116 118 120 124 133 141 148
 152 155 157 160 165 166 170 171 172 174 175 176 180 181 182 183 187 190
 191 192 196 197 198 199 205 206 215 221 232 235 239 248 249 250 254 255
 265 267 270 271 273 276 288 290 300 317 320 323 329 338 341 342 349 352
 358 360 362 371 372 377 381 389 397 398 400 416 417 430 435 441 446 457
 474 477 486 502 517 518 535 542 547 565 577 589] 
multi prepack: [[ 82 107]
 [ 69  98]
 [ 41 155]
 [  4 182]
 [ 14 199]
 [148 152]
 [ 75  82]
 [ 48 175]
 [ 39  82]
 [ 55  82]
 [ 69 107]
 [ 14 190]
 [ 69  82]
 [ 14  90]
 [182 187]
 [ 82 176]
 [ 55 192]
 [  4  93]
 [152 180]
 [109 148]
 [ 69 187]
 [ 39 107]
 [ 49  96]
 [157 175]
 [  9 109]
 [ 48  79]
 [ 18 182]
 [ 55  62]
 [107 166]
 [ 48 191]
 [192 255]
 [ 79 239]
 [ 13 342]
 [118 232]
 [155 398]
 [198 362]
 [182 397]
 [ 14 372]
 [ 70 358]
 [ 98 249]
 [199 270]
 [172 235]
 [190 265]
 [148 273]
 [ 33 254]
 [157 271]
 [160 377]
 [ 99 221]
 [196 320]
 [181 206]
 [ 18 416]
 [152 400]
 [ 98 542]
 [ 96 535]
 [ 69 435]
 [  4 430]
 [165 486]
 [190 589]
 [  9 518]
 [187 565]]