Num. of prepack: 60, Num. of products: 40 
Fast Product: 10, Moderate Product: 20, Slow Product: 10 
Fast - Fast: 5, Fast - Moderate: 10, Fast - Slow: 5 
===================================== 
chosen_id: [ 14  18  33  55  61 118 133 171 190 196 205 206 215 235 248 249 265 267
 270 273 320 338 341 342 349 352 358 362 377 397 416 417 430 435 441 477
 517 518 535 565] 
multi prepack: [[ 14  55]
 [118 196]
 [ 14  61]
 [ 18  55]
 [133 171]
 [118 265]
 [ 18 342]
 [ 61 362]
 [ 55 205]
 [196 270]
 [ 33 273]
 [133 248]
 [190 215]
 [ 14 267]
 [171 235]
 [ 14 435]
 [ 55 441]
 [133 477]
 [171 517]
 [118 518]]