Num. of prepack: 45, Num. of products: 30 
Fast Product: 10, Moderate Product: 10, Slow Product: 10 
Fast - Fast: 5, Fast - Moderate: 5, Fast - Slow: 5 
===================================== 
chosen_id: [ 14  18  33  55  61 118 133 171 190 196 205 206 215 235 248 249 267 270
 320 362 416 417 430 435 441 477 517 518 535 565] 
multi prepack: [[ 14  55]
 [118 196]
 [ 14  61]
 [ 18  55]
 [133 171]
 [118 248]
 [ 18 235]
 [ 61 267]
 [ 55 270]
 [196 206]
 [ 55 435]
 [ 14 441]
 [171 518]
 [118 416]
 [ 33 477]]