Num. of prepack: 270, Num. of products: 180 
Fast Product: 80, Moderate Product: 60, Slow Product: 40 
Fast - Fast: 40, Fast - Moderate: 30, Fast - Slow: 20 
===================================== 
chosen_id: [  2   4   7   9  13  14  18  21  33  35  39  41  46  48  49  52  53  55
  57  60  61  62  67  69  70  75  79  82  83  84  88  90  91  93  96  98
  99 107 109 115 116 118 120 124 133 140 141 142 144 148 150 152 155 157
 158 160 162 165 166 170 171 172 174 175 176 179 180 181 182 183 186 187
 188 190 191 192 196 197 198 199 201 205 206 208 215 221 232 235 239 248
 249 250 251 253 254 255 265 267 270 271 273 276 279 283 284 287 288 290
 293 300 305 311 315 317 320 323 329 331 335 336 338 341 342 349 352 355
 358 360 362 367 368 371 372 377 381 386 389 390 397 398 400 415 416 417
 430 431 435 437 441 446 448 451 457 463 470 474 475 477 485 486 489 495
 500 502 516 517 518 524 528 535 539 542 547 557 565 569 571 577 578 589] 
multi prepack: [[  2 175]
 [ 13  82]
 [160 182]
 [ 18 141]
 [ 33  99]
 [120 171]
 [ 35 170]
 [107 192]
 [ 21  46]
 [  4 174]
 [ 79 155]
 [ 53 187]
 [ 18  49]
 [ 67 118]
 [157 170]
 [ 69  70]
 [120 190]
 [ 84 165]
 [  7 182]
 [ 90 182]
 [140 171]
 [ 69 196]
 [ 39 174]
 [ 13  55]
 [148 180]
 [  7 175]
 [162 183]
 [ 96 142]
 [ 48  83]
 [ 91 191]
 [118 171]
 [174 191]
 [ 83 148]
 [ 39  69]
 [ 39 109]
 [ 48 157]
 [ 18  60]
 [115 176]
 [ 49 141]
 [ 57 142]
 [155 201]
 [ 88 336]
 [171 342]
 [150 206]
 [ 35 389]
 [142 320]
 [ 96 248]
 [ 91 276]
 [186 288]
 [133 315]
 [198 232]
 [199 317]
 [170 215]
 [ 41 372]
 [ 75 358]
 [157 329]
 [ 57 283]
 [166 273]
 [148 355]
 [  9 390]
 [188 290]
 [ 13 368]
 [ 83 300]
 [118 271]
 [ 18 208]
 [ 61 221]
 [141 270]
 [ 53 323]
 [ 33 371]
 [191 254]
 [  7 457]
 [ 55 571]
 [148 569]
 [198 416]
 [ 88 437]
 [ 35 565]
 [199 463]
 [176 400]
 [ 67 542]
 [ 98 446]
 [186 589]
 [174 415]
 [175 448]
 [ 48 535]
 [ 18 489]
 [ 62 475]
 [160 441]
 [144 516]
 [150 517]
 [116 435]]