Num. of prepack: 90, Num. of products: 60 
Fast Product: 20, Moderate Product: 20, Slow Product: 20 
Fast - Fast: 10, Fast - Moderate: 10, Fast - Slow: 10 
===================================== 
chosen_id: [ 14  18  33  39  55  61  70  96 118 120 124 133 152 165 171 190 192 196
 198 199 205 206 215 235 248 249 265 267 270 273 320 338 341 342 349 352
 358 362 377 397 400 416 417 430 435 441 446 457 474 477 486 502 517 518
 535 542 547 565 577 589] 
multi prepack: [[ 70 118]
 [171 198]
 [ 39 152]
 [ 61 118]
 [ 61 120]
 [152 198]
 [ 14 120]
 [124 198]
 [ 61  70]
 [ 61 124]
 [133 341]
 [198 342]
 [196 362]
 [124 267]
 [199 358]
 [152 265]
 [ 70 206]
 [ 96 397]
 [118 338]
 [ 33 352]
 [165 474]
 [199 400]
 [152 518]
 [118 486]
 [ 96 542]
 [ 61 441]
 [120 589]
 [ 39 457]
 [ 33 446]
 [ 70 477]]