Num. of prepack: 300, Num. of products: 200 
Fast Product: 50, Moderate Product: 100, Slow Product: 50 
Fast - Fast: 25, Fast - Moderate: 50, Fast - Slow: 25 
===================================== 
chosen_id: [  0   1   2   3   4   5   6   7   8   9  10  11  12  13  14  15  16  17
  18  19  20  21  22  23  24  25  26  27  28  29  30  31  32  33  34  35
  36  37  38  39  40  41  42  43  44  45  46  47  48  49 101 153 182 168
 160 170 189 189 105 197  58  58  97 162 193 188 183  78  68  89  64  82
 139  52 140 195 102 147 197  52 118 156  82 134 175 161 139  52 176 181
  88 153 171 148  56  89 183 157 162 103 168 138 122 190 120  54  73 161
 103 104  77 162  77  93  78  82 171 138 164  70  63  83 194 162 172 145
 170  78  64  77  95 158 170  83 196 163 191 111 137  71  56 187 169 155
 110 121 159 102  98  54 284 218 284 236 273 213 208 238 202 259 277 220
 253 203 202 235 299 233 242 225 243 220 290 203 258 246 290 218 289 209
 293 217 245 218 212 291 256 239 202 204 204 288 255 288 281 299 205 261
 232 262] 
multi prepack: [[  1  31]
 [  6  47]
 [ 20  42]
 [  0  35]
 [ 20  30]
 [ 26  46]
 [ 34  43]
 [  1  39]
 [ 23  44]
 [ 23  46]
 [  6  12]
 [  2  20]
 [ 13  23]
 [  9  18]
 [ 14  35]
 [  3  33]
 [  3  36]
 [ 31  40]
 [ 12  43]
 [  2   6]
 [ 24  38]
 [ 15  22]
 [ 24  42]
 [  9  37]
 [ 22  36]
 [ 13 170]
 [ 12 156]
 [ 23 137]
 [ 47  95]
 [ 36 159]
 [  5  52]
 [ 10 102]
 [ 20 171]
 [  1 196]
 [ 15  54]
 [ 25 183]
 [ 34 170]
 [ 16 139]
 [ 45 110]
 [ 32  82]
 [ 38 193]
 [ 44 148]
 [  2  83]
 [ 33 102]
 [ 29  78]
 [  6 121]
 [ 42 105]
 [ 26 157]
 [ 46 145]
 [ 22 120]
 [ 48 187]
 [ 37 104]
 [ 40 189]
 [ 30 153]
 [  4  97]
 [ 14 162]
 [  8 195]
 [  7 183]
 [  9 197]
 [  0 190]
 [ 39 169]
 [ 17 162]
 [ 21 161]
 [ 28 191]
 [ 19  52]
 [  3  64]
 [ 27 181]
 [ 43  58]
 [ 18 171]
 [ 31 188]
 [ 49 176]
 [ 35 168]
 [ 24  89]
 [ 11  82]
 [ 41 147]
 [ 46 218]
 [ 37 299]
 [ 41 236]
 [  3 246]
 [ 48 290]
 [  1 245]
 [ 13 220]
 [ 11 291]
 [ 23 232]
 [ 19 203]
 [ 24 218]
 [ 14 213]
 [ 43 243]
 [ 20 258]
 [ 40 281]
 [ 49 239]
 [  5 235]
 [ 39 202]
 [ 16 242]
 [  7 203]
 [ 28 299]
 [  4 289]
 [ 17 205]
 [  0 284]
 [ 25 204]]